camera_matrix:
- - 1365.0988192729103
  - 0.0
  - 986.1894156161769
- - 0.0
  - 1364.3535924730372
  - 558.4414894031568
- - 0.0
  - 0.0
  - 1.0
camera_u: 1080
camera_v: 1920
dist_coefficients:
- - 0.12656160986465007
  - -0.39931164999785357
  - -0.0005217977090337244
  - -0.0008527902251685999
  - 0.37294000495331747
information: Camera calibration parameters
