camera_matrix:
- - 900.663553931381
  - 0.0
  - 633.8017275153566
- - 0.0
  - 900.3295811589511
  - 366.42772415951157
- - 0.0
  - 0.0
  - 1.0
camera_u: 720
camera_v: 1280
dist_coefficients:
- - 0.11765219294313206
  - -0.27443592714348075
  - 0.00014551522821734528
  - 0.0005283055650683224
  - 0.10018107453678274
information: Camera calibration parameters
